0.0027318
0.00247642
0.00219653
0.00203245
0.00191493
0.00176466
0.00172322
0.00160804
0.00155714
0.00148867
0.00145719
0.00139861
0.00135301
0.00132683
0.0012745
0.00123461
0.0012164
0.00117713
0.00117207
0.0011407
0.00110255
0.00110439
0.00107204
0.00105124
0.00104244
0.00100263
0.000991147
0.000977103
0.000962954
0.000949004
0.00091862
0.000931545
0.000898958
0.000894208
0.000886885
0.000876219
0.000846057
0.000851193
0.000835651
0.000834596
0.000825591
0.000813145
0.000805004
0.000792096
0.000786438
0.000771602
0.000766785
0.000764242
0.000756821
0.000757044
0.000745536
0.000730741
0.000715473
0.000715973
0.000716749
0.00070528
0.000699754
0.00069525
0.000695444
0.00068972
0.000688995
0.000684211
0.000671722
0.000655476
0.00065592
0.000648741
0.000660715
0.000653128
0.000635087
0.000631379
0.000629717
0.000629259
0.000629939
0.000611536
0.000620861
0.000614248
0.000607032
0.000601207
0.000604981
0.000608779
0.000593247
0.00059158
0.000584646
0.000585235
0.000577964
0.000573463
0.000573834
0.000575539
0.00056483
0.00055895
0.000555652
0.000558166
0.000551893
0.000550708
0.00054971
0.000542884
0.000552251
0.000542551
0.000536774
0.000536608
0.000536138
0.000530693
0.000532233
0.000528988
0.000525463
0.00052269
0.000518197
0.000513504
0.000515732
0.000508041
0.000510643
0.000513416
0.000502733
0.000505283
0.000498921
0.000495811
0.000494773
0.000498445
0.000494357
0.000487579
0.000488181
0.000486412
0.000484668
0.000478698
0.000484098
0.000474872
0.000477034
0.000478131
0.000468332
0.000477855
0.000463884
0.000466399
0.000469301
0.000458405
0.000463503
0.000458734
0.000459127
0.000456558
0.0004514
0.000455338
0.000456176
0.000455994
0.000450603
0.000444173
0.000452044
0.00044932
0.000441489
0.000441711
0.000442472
0.00044177
0.000435978
0.000436822
0.000437399
0.000437119
0.000433913
0.000433909
0.000421922
0.000429462
0.000426828
0.000426257
0.000424585
0.00043427
0.000423035
0.000420907
0.000424858
0.000420102
0.000421121
0.000416393
0.000414067
0.000412906
0.000414982
0.000416646
0.000410075
0.00040582
0.00041077
0.000404258
0.000408506
0.000400956
0.00040399
0.000403732
0.000404588
0.000397374
0.000395642
0.000399524
0.000392758
0.000394182
0.000393592
0.000395758
0.000391859
0.000392455
0.000396489
0.000390073
0.000390422
0.000386927
0.000386606
0.000381197
0.000388334
0.000385616
0.000379712
0.000386517
0.000380164
0.000378185
0.000383068
0.000377219
0.00037384
0.000377683
0.000371767
0.000373417
0.000368558
0.000375035
0.000368178
0.00037092
0.00036777
0.000367764
0.0003685
0.000368089
0.000368768
0.000367427
0.00036209
0.00037048
0.000364722
0.000362544
0.000364058
0.000361978
0.000357866
0.000355344
0.000359323
0.000358334
0.000360012
0.000355635
0.000358086
0.000354325
0.000356135
0.000354902
0.000350929
0.000355813
0.000357089
0.000350479
0.000350103
0.000351123
0.000347933
0.00034824
0.000344812
0.000344332
0.000345976
0.00034142
0.000342206
0.000347828
0.000347827
0.000343295
0.000344624
0.000341662
0.000337398
0.000337008
0.000336563
0.000339707
0.000337478
0.000337296
0.000334382
0.00033419
0.00033184
0.00033178
0.000333708
0.00033362
0.000333127
0.000328564
0.000332817
0.000326306
0.000330449
0.000330136
0.000333369
0.00033016
0.000326704
0.000330024
0.00032473
0.000324791
0.000325766
0.000320903
0.000323532
0.000323484
0.00032165
0.000326294
0.000320125
0.00032211
0.000316883
0.000319862
0.000323844
0.000318852
0.00031999
0.000318991
0.000314958
0.000319042
0.000316422
0.000315344
0.000310691
0.000311741
0.000318272
0.000317495
0.000314658
0.000314406
0.000312757
0.000308709
0.000313021
0.000313206
0.000312383
0.000306416
0.000306095
0.000306639
0.000307026
0.000307412
0.000306216
0.000302781
0.000307226
0.00030543
0.000304843
0.00030767
0.000307305
0.000304774
0.000305642
0.000300687
0.000302921
0.000298734
0.000302427
0.000300231
0.000302409
0.000299839
0.000300947
0.000298387
0.000298183
0.000304204
0.000300352
0.000298291
0.000295906
0.000297115
0.000297823
0.00029541
0.000290983
0.000293153
0.000296062
0.000295365
0.000295606
0.000293388
0.000288641
0.000292419
0.000293897
0.000290206
0.000288311
0.000288539
0.000288146
0.000289172
0.00029047
0.000286479
0.000289358
0.000285952
0.000288872
0.000292981
0.000286129
0.000286673
0.000285677
0.000288151
0.000280982
0.000284421
0.000285905
0.00028699
0.000282451
0.00028344
0.000280799
0.000287698
0.00028336
0.000283166
0.000279513
