2.78067
2.7407
2.73304
2.71773
2.72009
2.71254
2.70903
2.69724
2.69505
2.6917
2.69448
2.69307
2.68673
2.68737
2.67917
2.68528
2.6811
2.68291
2.68278
2.67886
2.68299
2.68858
2.68319
2.682
2.68232
2.67228
2.68153
2.68246
2.67614
2.68061
2.68081
2.67762
2.67193
2.67339
2.67817
2.67609
2.67684
2.67648
2.67414
2.67424
2.67398
2.67218
2.67579
2.67366
2.67486
2.67181
2.674
2.67428
2.67122
2.67164
2.67094
2.66912
2.67682
2.67021
2.67405
2.67432
2.67065
2.67272
2.67417
2.67034
2.67229
2.67052
2.67099
2.67173
2.66755
2.67165
2.67184
2.67034
2.66966
2.67167
2.66971
2.67155
2.67108
2.67156
2.67049
2.67078
2.67023
2.66947
2.67173
2.67175
2.67162
2.67086
2.67244
2.66886
2.6721
2.67165
2.66838
2.66883
2.66874
2.67052
2.66888
2.66966
2.66608
2.67211
2.67138
2.67095
2.6704
2.67211
2.66875
2.6686
2.67005
2.66818
2.66893
2.67075
2.66884
2.67099
2.67157
2.66873
2.67261
2.66741
2.66679
2.66922
2.66996
2.67091
2.66649
2.66802
2.67005
2.67026
2.66769
2.66948
2.66958
2.6701
2.67161
2.66849
2.66818
2.66759
2.6678
2.66965
2.67102
2.66914
2.66823
2.66967
2.67092
2.67084
2.67021
2.66787
2.66771
2.66787
2.67157
2.66983
2.67189
2.66936
2.66899
2.6692
2.66871
2.67302
2.66905
2.66865
2.66916
2.66808
2.66939
2.66781
2.66987
2.66978
2.66938
2.6684
2.66819
2.66855
2.66887
2.66891
2.66759
2.66903
2.66934
2.67002
2.66909
2.66798
2.6679
2.66776
2.66977
2.66723
2.66901
2.66845
2.6682
2.66824
2.66792
2.66882
2.66818
2.66885
2.66957
2.6686
2.6679
2.66923
2.66738
2.66953
2.66904
2.66818
2.66868
2.66895
2.66907
2.66961
2.66884
2.66669
2.6686
2.67075
2.66872
2.66782
2.66908
2.66725
2.66793
2.66854
2.66812
2.66801
2.66858
2.66727
2.66771
2.66818
2.666
2.66729
2.66899
2.66727
2.6662
2.66764
2.66932
2.66629
2.66885
2.66926
2.66756
2.669
2.66882
2.66764
2.66776
2.66984
2.66771
2.66853
2.66759
2.66653
2.66832
2.67014
2.669
2.66845
2.66772
2.66958
2.66761
2.66804
2.66681
2.66816
2.6662
2.6686
2.66728
2.6686
2.66657
2.66802
2.66907
2.66721
2.66871
2.66722
2.66955
2.66744
2.66753
2.66759
2.66692
2.67016
2.66826
2.66739
2.66788
2.66793
2.66854
2.66707
2.66796
2.66786
2.66757
2.66761
2.66839
2.66831
2.6675
2.66706
2.66697
2.66748
2.66881
2.66691
2.66823
2.66834
2.66809
2.66787
2.66804
2.66823
2.66924
2.66762
2.66687
2.6664
2.66831
2.66708
2.66908
2.66915
2.66807
2.66786
2.66734
2.66808
2.66779
2.66834
2.66737
2.66789
2.66836
2.66815
2.6674
2.66586
2.66885
2.66676
2.66808
2.66698
2.66767
2.66748
2.66662
2.66793
2.66744
2.66934
2.66743
2.66691
2.66719
2.66667
2.6685
2.66753
2.66697
2.66527
2.66761
2.66915
2.66781
2.66694
2.66855
2.66784
2.66886
2.66749
2.66761
2.6673
2.66766
2.66744
2.6664
2.66784
2.66756
2.66722
2.66773
2.6668
2.66722
2.66675
2.66877
2.6692
2.66762
2.66771
2.66828
2.66813
2.66723
2.66811
2.66804
2.66568
2.66753
2.6686
2.6672
2.6684
2.66827
2.66695
2.66816
2.66773
2.66688
2.66777
2.66716
2.66748
2.66623
2.66806
2.66677
2.66755
2.66816
2.66837
2.6679
2.66818
2.66743
2.6671
2.66692
2.66871
2.66772
2.66761
2.66886
