1.33598
1.33475
1.33549
1.3338
1.33232
1.33078
1.33162
1.3335
1.3324
1.33225
1.33403
1.33121
1.33388
1.33339
1.33369
1.33472
1.33393
1.33338
1.33292
1.33415
1.33457
1.33291
1.33218
1.33314
1.33264
1.3335
1.33425
1.33421
1.33239
1.33395
1.33231
1.33417
1.33346
1.3323
1.33388
1.33372
1.33308
1.33263
1.33382
1.33344
1.33301
1.33273
1.33435
1.33288
1.33373
1.33378
1.33201
1.33296
1.33312
1.33451
1.33454
1.33341
1.33357
1.33283
1.33344
1.33316
1.33279
1.33252
1.33313
1.33436
1.33367
1.3325
1.33279
1.33217
1.33269
1.33325
1.33283
1.33397
1.3328
1.33244
1.33461
1.33294
1.33487
1.33383
1.33328
1.33429
1.33305
1.33223
1.3321
1.33329
1.33338
1.33303
1.33352
1.33461
1.33345
1.33339
1.3338
1.33464
1.33312
1.33351
1.33263
1.3324
1.33299
1.33261
1.33339
1.333
1.33388
1.33302
1.33343
1.33378
1.3336
1.33368
1.33317
1.33388
1.33398
1.33324
1.33332
1.33347
1.33348
1.33257
1.3337
1.33275
1.333
1.33271
1.33293
1.33301
1.33286
1.33304
1.33418
1.33367
1.33373
1.33297
1.33274
1.33331
1.33316
1.33305
1.33319
1.3328
1.33323
1.33324
1.33306
1.33396
1.33277
1.33348
1.33302
1.33374
1.33339
1.33386
1.33384
1.33419
1.33367
1.33296
1.33359
1.33278
1.33317
1.33381
1.3338
1.33331
1.33316
1.33295
1.33333
1.33295
1.3326
1.33346
1.33319
1.33354
1.33356
1.33315
1.33289
1.33288
1.33339
1.33329
1.33396
1.33355
1.33373
1.33353
1.33351
1.33308
1.33327
1.33302
1.33293
1.33319
1.33293
1.33378
1.33349
1.33307
1.33289
1.33321
1.33377
1.33328
1.3335
1.33303
1.33324
1.33367
1.33357
1.3333
1.333
1.33308
1.33398
1.33304
1.33335
1.33336
1.3333
1.33332
1.3334
1.33348
1.33265
1.3331
1.33337
1.33339
1.33312
1.33382
1.33313
1.33326
1.33361
1.33323
1.33326
1.33349
1.33355
1.33349
1.33326
1.33335
1.33291
1.33325
1.33324
1.33319
1.33363
1.33303
1.33394
1.33335
1.33382
1.33323
1.33333
1.33336
1.33361
1.33317
1.33335
1.33354
1.33335
1.33432
1.33398
1.33425
1.33293
1.33357
1.33252
1.33352
1.33381
1.33333
1.33329
1.33389
1.33356
1.33375
1.33337
1.3332
1.33358
1.33322
1.33291
1.33359
1.33373
1.33336
1.33382
1.33336
1.33352
1.33359
1.33311
1.33338
1.33329
1.33303
1.3335
1.33293
1.33319
1.33355
1.33399
1.33308
1.33319
1.33346
1.33288
1.33321
1.33318
1.33316
1.3332
1.33328
1.33346
1.33367
1.33366
1.33337
1.3332
1.33356
1.33379
1.33304
1.3335
1.33295
1.33321
1.33335
1.33297
1.33347
1.33307
1.33395
1.33373
1.33316
1.33339
1.33338
1.33307
1.33316
1.33323
1.33323
1.33321
1.33315
1.33288
1.33344
1.33326
1.33317
1.33352
1.3332
1.33323
1.33307
1.33344
1.33339
1.33348
1.33327
1.33367
1.33348
1.3332
1.3333
1.3333
1.33346
1.3329
1.33334
1.33354
1.33321
1.33388
1.33346
1.33374
1.33291
1.33289
1.33299
1.3334
1.33349
1.3334
1.3329
1.33308
1.33333
1.33356
1.33362
1.33325
1.33337
1.33319
1.33343
1.33324
1.33309
1.33339
1.33352
1.33318
1.33317
1.33382
1.33318
1.33314
1.33332
1.33321
1.33332
1.33349
1.33376
1.33367
1.333
1.33339
1.33361
1.33388
1.33355
1.33351
1.3333
1.33268
1.33298
1.33326
1.33344
1.3336
1.3333
1.33296
1.33346
1.33345
1.33357
1.3335
