0.0023684
0.00213059
0.00193268
0.00179007
0.00165509
0.00154212
0.00148142
0.00140931
0.00135268
0.00130439
0.00124831
0.0012186
0.00118799
0.00113892
0.0011009
0.00107702
0.00106207
0.00103479
0.000996078
0.000989286
0.000967447
0.000948399
0.000918568
0.000904312
0.000892998
0.000875227
0.000866272
0.000849367
0.000844631
0.000826851
0.000799094
0.000793977
0.000787822
0.00077921
0.000767303
0.000756091
0.000749037
0.000736184
0.000729587
0.000715151
0.000710841
0.000693921
0.00070501
0.000694448
0.000678082
0.00066529
0.000670141
0.000657658
0.000662006
0.000650737
0.000640682
0.000643523
0.000620591
0.000619051
0.000617745
0.00060835
0.000605333
0.000600009
0.000589932
0.00058531
0.000586536
0.000587886
0.000577619
0.000574894
0.000564734
0.000568702
0.000561603
0.00056251
0.000555376
0.000549031
0.000559387
0.000540351
0.000541186
0.000540026
0.000534342
0.000529399
0.000524298
0.000521673
0.000513756
0.000514287
0.000514692
0.000508917
0.000506386
0.000513944
0.000506718
0.000504041
0.000497377
0.000487318
0.000491753
0.000491467
0.000485282
0.000483901
0.000481021
0.00047932
0.000475206
0.000475599
0.000472512
0.00046697
0.000466697
0.00046787
0.00046132
0.000462285
0.000462099
0.000456899
0.000453093
0.000452518
0.000450342
0.000447835
0.000441764
0.000444867
0.000445543
0.000438527
0.000433858
0.000436361
0.000431581
0.000433214
0.000431641
0.000426272
0.000427785
0.000424078
0.000424174
0.00042555
0.000417174
0.000419081
0.000416676
0.000411923
0.000410949
0.000409772
0.000417472
0.000411967
0.000407748
0.000410895
0.00040375
0.000407623
0.000402936
0.000401625
0.000401362
0.000397987
0.00039531
0.00039626
0.000392139
0.000391678
0.000391033
0.000384545
0.000390351
0.000388847
0.000383339
0.000386712
0.000387342
0.000376757
0.000381739
0.00037443
0.000375755
0.000378045
0.000377407
0.00037284
0.000372851
0.000373603
0.000367754
0.00036913
0.000369127
0.000365292
0.000360786
0.000362569
0.000363558
0.000361548
0.000361777
0.000353802
0.000357316
0.000360855
0.0003576
0.0003583
0.000352156
0.000352316
0.000355563
0.000348574
0.000350483
0.000353191
0.000351567
0.000342781
0.000349464
0.000347294
0.000347337
0.000343212
0.000345086
0.000345903
0.000341226
0.000339784
0.0003398
0.000342675
0.000339572
0.000341247
0.00033761
0.0003384
0.000331495
0.000335043
0.000332256
0.000334487
0.000324305
0.000328822
0.000328229
0.000326028
0.000329125
0.000326192
0.000326883
0.000326407
0.000324446
0.000328832
0.000323748
0.000320052
0.00032202
0.000322063
0.000318616
0.000323156
0.000315433
0.000321932
0.000318165
0.000319044
0.000317616
0.000314117
0.000316512
0.000313198
0.00031576
0.000313542
0.000307961
0.000315842
0.000308199
0.00031103
0.000310561
0.000310213
0.000304937
0.000307002
0.000307047
0.000306494
0.000306616
0.000305578
0.000305157
0.000302651
0.000307534
0.000303773
0.000304306
0.00029942
0.000297719
0.000298083
0.00030041
0.000298943
0.000300022
0.000296138
0.000297328
0.000299739
0.000295347
0.000292635
0.000296787
0.000295084
0.000294652
0.000293151
0.000290139
0.000292972
0.000288481
0.000288428
0.000290951
0.000289161
0.000286024
0.000285594
0.000285749
0.000286576
0.000284119
0.000286172
0.000284646
0.000283572
0.000286156
0.000286281
0.00028569
0.000282021
0.000283995
0.000283756
0.000278883
0.000281546
0.000282117
0.00027795
0.000280488
0.000278643
0.00028157
0.000276176
0.000275342
0.000275558
0.000278413
0.000278623
0.000276179
0.00027827
0.000272821
0.00027577
0.00027268
0.000276729
0.000271687
0.000275203
0.000270205
0.000268794
0.000272121
0.000271124
0.000268442
0.000271558
0.000270821
0.000268039
0.00026776
0.000272285
0.000266709
0.00026946
0.000266987
0.000266698
0.000268075
0.000264537
0.000264751
0.000265623
0.00026544
0.000261835
0.000262541
0.000262731
0.0002645
0.000262835
0.000262385
0.000261609
0.00026006
0.000264127
0.000261264
0.000258561
0.000258988
0.000257062
0.00026018
0.000258773
0.000254215
0.000257437
0.000255399
0.000257403
0.000255834
0.000256294
0.000256825
0.000254772
0.000251884
0.000256175
0.000255472
0.000255189
0.000255163
0.000252736
0.000250838
0.00025312
0.000254606
0.00025281
0.000252
0.000254232
0.000249352
0.000247986
0.00024972
0.000248998
0.000250075
0.000249133
0.000247134
0.000247346
0.000249656
0.000248103
0.000247783
0.000246464
0.000244961
0.000247619
0.000244962
0.000246629
0.000246532
0.000246978
0.000241591
0.000248081
0.000244393
