2.82424
2.79205
2.7593
2.75399
2.7408
2.73122
2.72833
2.71972
2.71569
2.71461
2.70774
2.70567
2.69756
2.70075
2.69901
2.6992
2.6888
2.69408
2.68682
2.69367
2.68806
2.6905
2.69299
2.68556
2.68402
2.68345
2.68473
2.68018
2.67674
2.68636
2.68289
2.68129
2.68329
2.67721
2.68281
2.68263
2.677
2.67866
2.67993
2.68003
2.67875
2.67757
2.67736
2.67906
2.6762
2.6783
2.67932
2.68106
2.67984
2.67656
2.67674
2.67413
2.67895
2.67738
2.6752
2.67509
2.68031
2.67887
2.67593
2.67252
2.67452
2.67387
2.6748
2.67522
2.67479
2.67454
2.67642
2.67335
2.67702
2.67421
2.6746
2.67354
2.67339
2.67121
2.67334
2.67546
2.67453
2.67141
2.67523
2.67366
2.67607
2.67588
2.67487
2.67179
2.67215
2.67105
2.67123
2.67392
2.6742
2.67332
2.67317
2.6732
2.67362
2.67283
2.67319
2.67071
2.67328
2.67347
2.67526
2.67095
2.67025
2.67254
2.67015
2.66976
2.67173
2.67198
2.67247
2.67336
2.67087
2.67276
2.67114
2.67423
2.6717
2.67036
2.66965
2.67016
2.66908
2.67147
2.67283
2.66952
2.66903
2.67144
2.67125
2.67356
2.67083
2.66835
2.6709
2.6689
2.67158
2.67118
2.66925
2.67039
2.67081
2.67275
2.67012
2.67121
2.66695
2.67025
2.6696
2.67408
2.67067
2.67109
2.66921
2.67059
2.67204
2.67083
2.67115
2.67165
2.67037
2.66978
2.66765
2.67199
2.66989
2.67009
2.6709
2.67013
2.66855
2.6688
2.67005
2.67058
2.67183
2.67091
2.66933
2.67033
2.66915
2.66968
2.66979
2.66868
2.66903
2.66726
2.66911
2.67109
2.6692
2.67097
2.67014
2.66851
2.671
2.66995
2.66975
2.67183
2.66871
2.66979
2.66965
2.66845
2.66921
2.67065
2.66808
2.67191
2.66974
2.67014
2.66971
2.66854
2.66904
2.66756
2.66915
2.66978
2.67045
2.6703
2.66873
2.67054
2.66872
2.67055
2.66738
2.66972
2.6682
2.66963
2.66861
2.66865
2.67133
2.67012
2.67024
2.67096
2.66811
2.66834
2.66949
2.66927
2.66928
2.67
2.66956
2.66945
2.66912
2.66795
2.66873
2.66985
2.66883
2.66975
2.67012
2.66947
2.66865
2.66703
2.66813
2.66842
2.66908
2.66908
2.66938
2.67009
2.66783
2.6697
2.66919
2.6682
2.66956
2.66926
2.67078
2.6686
2.66827
2.66967
2.67042
2.66824
2.67022
2.6685
2.66796
2.66847
2.66932
2.66926
2.66949
2.66835
2.6674
2.66951
2.66721
2.66954
2.66868
2.66821
2.66761
2.66876
2.66851
2.66957
2.66656
2.66823
2.66967
2.66921
2.66873
2.66936
2.66992
2.66842
2.66795
2.66843
2.6693
2.66764
2.66803
2.66993
2.66901
2.66874
2.66803
2.66851
2.66723
2.66727
2.6684
2.66914
2.66894
2.66823
2.66874
2.67037
2.66781
2.66772
2.66876
2.66786
2.66965
2.6692
2.66884
2.66724
2.66652
2.66931
2.66943
2.66843
2.66877
2.66881
2.66761
2.66783
2.66858
2.66719
2.67015
2.67002
2.66898
2.66724
2.66887
2.66846
2.66932
2.66899
2.66788
2.66782
2.66822
2.6683
2.66956
2.66817
2.66731
2.66748
2.66745
2.66903
2.66957
2.66755
2.66837
2.66908
2.66791
2.66851
2.66992
2.66726
2.66888
2.66908
2.66944
2.66749
2.66734
2.66925
2.66833
2.6687
2.66678
2.66835
2.66772
2.66843
2.66733
2.66789
2.66841
2.6685
2.66642
2.66904
2.66777
2.66995
2.66862
2.66818
2.66762
2.66874
2.66709
2.66788
2.66979
2.66741
2.66764
2.66754
2.66748
2.66753
2.66861
2.66791
2.66869
