1.34819
1.34719
1.34357
1.34193
1.33888
1.33711
1.34219
1.33658
1.33595
1.33648
1.33908
1.3366
1.33722
1.33744
1.33668
1.33607
1.33587
1.3345
1.33476
1.33694
1.3354
1.33704
1.33474
1.33667
1.33546
1.33498
1.33476
1.33528
1.33592
1.33709
1.33489
1.33565
1.33321
1.33383
1.33469
1.33586
1.33389
1.33559
1.33482
1.33314
1.33403
1.33395
1.33602
1.33446
1.33418
1.33302
1.33621
1.33522
1.33436
1.33511
1.33364
1.33491
1.33425
1.33507
1.33325
1.33367
1.33395
1.33325
1.33306
1.33407
1.33514
1.33474
1.33456
1.33417
1.33389
1.33445
1.33427
1.33428
1.33407
1.3347
1.33315
1.33376
1.33369
1.33375
1.33408
1.33445
1.33373
1.33343
1.3349
1.33474
1.3341
1.33499
1.33486
1.33376
1.33319
1.33365
1.33406
1.33389
1.33435
1.33432
1.33399
1.33462
1.33373
1.33366
1.33297
1.33377
1.33454
1.3341
1.33337
1.33453
1.33418
1.33376
1.33352
1.33318
1.33334
1.33335
1.33414
1.33364
1.33409
1.3346
1.33341
1.33379
1.33389
1.33393
1.33358
1.33382
1.33446
1.33447
1.33299
1.33412
1.33418
1.33426
1.33375
1.3343
1.33312
1.33326
1.33398
1.33417
1.33413
1.33381
1.33284
1.33364
1.33335
1.33382
1.33416
1.33327
1.33315
1.33364
1.334
1.33386
1.3325
1.33417
1.33398
1.33345
1.33461
1.33385
1.33377
1.3331
1.33373
1.33388
1.33334
1.33347
1.33432
1.33377
1.33352
1.33353
1.33319
1.33316
1.33333
1.33383
1.33357
1.3341
1.3342
1.33333
1.33394
1.33319
1.33343
1.33437
1.33372
1.33339
1.33311
1.33355
1.33415
1.3336
1.33364
1.33353
1.33352
1.33356
1.33313
1.33435
1.33461
1.33309
1.33374
1.33385
1.33382
1.33366
1.33341
1.33364
1.33337
1.33412
1.33375
1.33305
1.33327
1.33387
1.33378
1.33334
1.33387
1.33335
1.33382
1.33417
1.33342
1.33396
1.33369
1.33374
1.33316
1.33406
1.33389
1.33318
1.33353
1.33325
1.33349
1.33323
1.3335
1.3338
1.33291
1.33414
1.33354
1.33405
1.33346
1.33335
1.33366
1.3333
1.33422
1.33332
1.33351
1.3326
1.33348
1.33385
1.33373
1.33393
1.33335
1.33334
1.33387
1.33368
1.33337
1.33302
1.33401
1.33367
1.33358
1.33318
1.33339
1.33385
1.33433
1.3331
1.33358
1.33398
1.33355
1.33327
1.33356
1.33404
1.33333
1.33311
1.33361
1.33374
1.33331
1.33342
1.33394
1.33363
1.33383
1.33378
1.33342
1.33364
1.33368
1.33321
1.33322
1.33368
1.33314
1.3336
1.33298
1.33397
1.33356
1.33392
1.33341
1.3335
1.33322
1.33384
1.33348
1.33323
1.33311
1.33374
1.33352
1.33369
1.3333
1.33386
1.33365
1.33311
1.33352
1.33373
1.33355
1.33321
1.33337
1.33406
1.33364
1.33347
1.33382
1.33345
1.3335
1.33362
1.33354
1.33299
1.33366
1.33353
1.3337
1.33342
1.33362
1.33409
1.3337
1.33302
1.33375
1.33324
1.33341
1.33342
1.33328
1.33357
1.3332
1.33364
1.33394
1.33331
1.33336
1.33368
1.3334
1.33324
1.33312
1.33349
1.33402
1.33347
1.33313
1.33394
1.33312
1.33358
1.33372
1.33327
1.3334
1.33366
1.33379
1.33338
1.33378
1.33336
1.33344
1.33386
1.33297
1.33347
1.33352
1.33366
1.33375
1.33338
1.33374
1.33345
1.33368
1.3335
1.33319
1.3334
1.33323
1.33318
1.33382
1.33371
1.33341
1.33347
1.33355
1.33346
1.33299
1.33343
1.33361
1.33353
1.33349
1.33366
1.33331
1.33341
1.33365
1.33333
1.33325
