0.00958771
0.00805755
0.00700597
0.00654819
0.00602908
0.00549393
0.00527361
0.00490744
0.00467424
0.00451043
0.00429348
0.00416403
0.00401226
0.00383895
0.00371322
0.00369697
0.00349495
0.00347597
0.00334859
0.00331686
0.00322207
0.00317509
0.00311106
0.003034
0.00298487
0.00292716
0.00283991
0.00282181
0.00274687
0.00272366
0.0027023
0.00260489
0.00261405
0.00256506
0.00250419
0.00251793
0.00246889
0.00245129
0.00239416
0.00240311
0.00236067
0.00234248
0.00229193
0.00226653
0.00226199
0.00223862
0.00222446
0.00217438
0.00218156
0.00214146
0.00210173
0.00211459
0.00208615
0.00207729
0.00204894
0.00203159
0.00199273
0.00199543
0.00197744
0.00198096
0.0019318
0.0019437
0.00192167
0.00191731
0.00188351
0.00188153
0.00184899
0.00185453
0.00183582
0.00183692
0.00180473
0.00178265
0.00179146
0.00176325
0.00173928
0.00171986
0.00175752
0.00169755
0.00173462
0.00169916
0.00168378
0.00169209
0.00168796
0.00165902
0.00167202
0.00164453
0.0016185
0.00161181
0.00162782
0.00162325
0.00159042
0.00160484
0.00157937
0.00157594
0.00156178
0.00156133
0.00155132
0.00152775
0.00152342
0.00150034
0.00153482
0.00151905
0.0014948
0.0014872
0.00150485
0.0014723
0.00147374
0.00148159
0.00146694
0.00145274
0.00144932
0.00142861
0.00145615
0.00144257
0.00140263
0.00139321
0.00141379
0.00139849
0.00139266
0.00139137
0.00138257
0.00139182
0.00135599
0.00136738
0.00135064
0.00134488
0.00135575
0.00135044
0.00134369
0.00133154
0.00133088
0.00133515
0.00133045
0.00131971
0.00132275
0.00132407
0.00131813
0.0012999
0.00130964
0.00128254
0.00127573
0.00129329
0.0012852
0.00128123
0.00127077
0.00127333
0.00125389
0.00123655
0.00125372
0.00124023
0.00125281
0.00124619
0.00124619
0.0012347
0.00123806
0.00121979
0.0012282
0.00121446
0.00123002
0.0012165
0.00121601
0.00120128
0.00119644
0.00120488
0.00118603
0.00118849
0.00120095
0.00117577
0.00117678
0.00117381
0.00116295
0.00116933
0.00116167
0.00117235
0.00115522
0.00115172
0.0011678
0.00117243
0.00114299
0.0011494
0.00114416
0.00113587
0.00113031
0.00113394
0.00112564
0.00112773
0.00113454
0.00112253
0.00111687
0.00111951
0.00110271
0.00110178
0.00110501
0.00109835
0.0011045
0.00110515
0.00109618
0.00108473
0.00108022
0.00109907
0.00109165
0.00107337
0.00107298
0.00107577
0.00107338
0.00106429
0.00106378
0.00106132
0.00106183
0.00105407
0.00105343
0.00105552
0.00104786
0.00105219
0.00103843
0.00104718
0.00104789
0.00102133
0.00103167
0.00102137
0.00102443
0.00103371
0.00102756
0.00103895
0.00101996
0.00101942
0.00101752
0.00101349
0.00102468
0.00100537
0.0010223
0.00101889
0.00100404
0.000997496
0.00100872
0.000992664
0.000991799
0.000998234
0.000986174
0.000988355
0.000976433
0.000983384
0.000988449
0.000989789
0.000974431
0.000978966
0.000981713
0.000969925
0.000965325
0.000973717
0.000955005
0.000959459
0.000957227
0.000959364
0.000966513
0.00096423
0.00094675
0.000950883
0.000948445
0.000944323
0.00094992
0.000942645
0.000945417
0.000938121
0.000935855
0.000938872
0.000941731
0.000945244
0.000928379
0.000934894
0.000939648
0.000934222
0.000929164
0.00091885
0.000928993
0.000926828
0.000925983
0.000918764
0.000922901
0.000932185
0.000914235
0.00091927
0.00090716
0.000911834
0.000905993
0.000908059
0.000906416
0.000912779
0.000898048
0.000907154
0.000904868
0.000905267
0.000904611
0.000891735
0.000893458
0.000901478
0.000887035
0.000888771
0.000877444
0.000884331
0.000890565
0.000894428
0.000886971
0.000883225
0.000892341
0.000865194
0.000875796
0.000873232
0.000869217
0.000866941
0.000882001
0.000871051
0.000864774
0.000867182
0.00086588
0.000865815
0.000849568
0.000857664
0.00085955
0.00086342
0.000863536
0.00086164
0.000857895
0.000853678
0.000852667
0.000854759
0.000850573
0.00084819
0.000846459
0.000832871
0.00085017
0.000843915
0.000840856
0.00083446
0.000842471
0.000840273
0.00083356
0.000828607
0.000822375
0.000840482
0.000827981
0.000835202
0.000824907
0.00082807
0.000820393
0.000824172
0.000817308
0.000819545
0.000818724
0.000815024
0.000819056
0.000826974
0.000820216
0.000818533
0.000812838
0.000825197
0.000816984
0.000804167
0.000817586
0.000822365
0.000806673
0.000812879
0.000812698
0.000810593
0.000800639
0.00079797
0.000798517
0.000798018
0.000807699
0.000800492
0.000811539
