0.00864486
0.00719115
0.00656907
0.00567862
0.00536738
0.00499568
0.00468979
0.00431778
0.00413363
0.00395087
0.00381554
0.0037033
0.00347519
0.00339451
0.00325576
0.00321515
0.0030764
0.00299316
0.00292545
0.0028654
0.0028324
0.00278136
0.00269267
0.00261198
0.00257455
0.00251552
0.00249655
0.00249411
0.00240705
0.00240656
0.00236704
0.00228944
0.00227186
0.00220402
0.00221012
0.0021827
0.00215709
0.00210114
0.00207947
0.00207885
0.0020593
0.00203413
0.00200474
0.00200013
0.00197214
0.00190425
0.00191838
0.00192397
0.0018524
0.001844
0.00184492
0.00180596
0.0018096
0.00178591
0.00177334
0.00175165
0.00173683
0.00172316
0.00171981
0.00167984
0.0016796
0.00166501
0.00164779
0.00165203
0.00162514
0.0016314
0.00160653
0.00159182
0.00159256
0.00159163
0.00155823
0.00155615
0.00153645
0.00153452
0.00153594
0.00152863
0.0015058
0.00150599
0.00150157
0.00149803
0.00147861
0.00145859
0.00144758
0.00143927
0.0014285
0.00142895
0.00140307
0.00140641
0.00140456
0.00138467
0.00138521
0.00138289
0.00136458
0.00136175
0.0013597
0.00135908
0.00135404
0.00135299
0.00133601
0.001325
0.00130024
0.00129747
0.00129521
0.0013054
0.00129627
0.00130645
0.00128278
0.00124933
0.0012812
0.00126711
0.00123583
0.00125174
0.00124588
0.00124656
0.00121493
0.0012204
0.00124124
0.00122471
0.00120195
0.00120483
0.00119598
0.00119404
0.00121201
0.00119591
0.00117306
0.00118022
0.00116862
0.00117311
0.00116711
0.00115735
0.0011578
0.00115956
0.00114641
0.00115554
0.00115451
0.00113069
0.00113535
0.00112026
0.00112998
0.00112665
0.00113091
0.00112362
0.00112193
0.00110672
0.00111264
0.0011072
0.00109575
0.0010793
0.00109211
0.0010851
0.00107588
0.00107556
0.00106939
0.0010716
0.00106811
0.00105716
0.00105315
0.00105688
0.00105481
0.00104571
0.00103433
0.00103964
0.00102835
0.00105205
0.00103356
0.0010199
0.00102292
0.0010248
0.00102043
0.00101637
0.00101281
0.00101158
0.000991087
0.000995631
0.000987553
0.00100357
0.00098898
0.00101025
0.000993739
0.000990958
0.00097457
0.00098696
0.000966158
0.000977603
0.000978376
0.000979432
0.00095966
0.000964921
0.000962625
0.000967932
0.000969519
0.000954762
0.000952647
0.000968456
0.000956924
0.000950523
0.000947101
0.000945023
0.000935482
0.000945339
0.000937641
0.000933522
0.000941243
0.000925982
0.000941527
0.000922824
0.000924114
0.000912733
0.000914325
0.000914193
0.000916327
0.000912349
0.000913461
0.00090059
0.000896617
0.000915228
0.000903881
0.000901413
0.000909921
0.000903373
0.000892334
0.000898387
0.000889169
0.000890927
0.000883203
0.000879653
0.000880659
0.000875498
0.000873154
0.000871885
0.000866938
0.000866638
0.000871858
0.000885378
0.000868867
0.000853156
0.000866969
0.000870619
0.000858874
0.000850097
0.000849409
0.000840979
0.000850615
0.000854941
0.000845855
0.000852629
0.000844426
0.000838042
0.000846453
0.000837976
0.000841291
0.000842055
0.000836153
0.000842879
0.000832234
0.00082717
0.000835675
0.000824856
0.000832821
0.000818757
0.00082846
0.000807011
0.000810515
0.000815507
0.000817815
0.00081577
0.000815513
0.000813777
0.000812152
0.000810386
0.000805117
0.000802958
0.000805172
0.000796075
0.000802986
0.000800555
0.000807024
0.000801348
0.000802316
0.000783229
0.000791479
0.00079577
0.000791503
0.0007887
0.00078779
0.000786432
0.000781049
0.000781828
0.000777738
0.000783052
0.000773405
0.000773897
0.000774291
0.000769475
0.000772223
0.000767751
0.000777922
0.000764951
0.00076694
0.000775979
0.000769972
0.000763135
0.000776188
0.000772397
0.000762528
0.000755623
0.000757159
0.000756147
0.000752621
0.00076559
0.000758555
0.000755604
0.000750778
0.000745257
0.000749737
0.000747489
0.000747146
0.000748836
0.000750292
0.000740523
0.00074791
0.000740368
0.000740041
0.000743068
0.000739489
0.000733607
0.000742618
0.000738636
0.000740903
0.000730013
0.000735297
0.000718839
0.000726391
0.000735781
0.000726498
0.000732445
0.000722398
0.000725667
0.00072729
0.000707036
0.000719377
0.000723206
0.000724262
0.000710913
0.000724965
0.000723033
0.000714169
0.000715044
0.000719337
0.000710473
0.00071111
0.000701556
0.000704701
0.000706881
0.000718505
0.000696277
0.000695866
0.000693906
0.000707417
0.000698535
0.000697045
0.000692972
0.00069748
0.000693902
0.000700966
0.000699673
0.000691739
0.000699839
0.000697061
0.000694195
0.000690149
