4.01
4.0092
4.00681
4.00495
3.99898
3.99406
3.9949
4.0008
3.99647
3.99725
4.0027
3.99227
4.00122
4.0004
4.00126
4.00385
4.00194
3.99982
3.99861
4.00186
4.00373
3.9998
3.9977
3.99993
3.99818
4.00059
4.00261
4.00274
3.99712
4.00236
3.99702
4.00301
4.00065
3.99698
4.00127
4.00077
3.99954
3.99805
4.00171
4.00032
3.99903
3.99797
4.00332
3.99855
4.00114
4.00136
3.99615
3.99906
3.99949
4.00367
4.00356
4.00047
4.00054
3.99846
4.00041
3.99954
3.9985
3.99766
3.99973
4.00286
4.00112
3.99733
3.99816
3.99653
3.99818
3.99987
3.99859
4.00178
3.99836
3.99738
4.0039
3.99843
4.00447
4.00139
3.99986
4.00297
3.99971
3.99696
3.99635
3.99994
4.00017
3.999
4.00085
4.00387
4.0004
4.00042
4.00148
4.00412
3.9992
4.00055
3.99804
3.99728
3.99891
3.9978
4.00012
3.99884
4.00162
3.99902
4.00019
4.00146
4.00076
4.00104
3.99943
4.00164
4.00201
3.99959
3.99989
4.00032
4.00043
3.99781
4.00107
3.99827
3.99905
3.99812
3.99877
3.99897
3.99852
3.9991
4.00233
4.00082
4.00116
3.99877
3.99822
4
3.99938
3.99919
3.99978
3.99852
3.99963
3.99977
3.99948
4.00212
3.99827
4.00026
3.99924
4.00139
4.00001
4.00148
4.00153
4.00262
4.00114
3.99898
4.00078
3.99823
3.99952
4.00141
4.00161
3.99986
3.99951
3.99878
3.99997
3.99881
3.99777
4.00048
3.99948
4.00073
4.00068
3.99949
3.99855
3.9987
4.00027
3.99973
4.00197
4.00071
4.00119
4.00067
4.00056
3.99926
3.99992
3.99902
3.99876
3.99959
3.99888
4.00142
4.00041
3.99918
3.99874
3.99965
4.00134
3.99977
4.00059
3.99897
3.99981
4.001
4.00072
3.99988
3.99901
3.99919
4.00199
3.99916
4.00001
4.00012
3.99997
3.99993
4.00026
4.00053
3.99794
3.99923
4.00025
4.00016
3.99943
4.00162
3.99943
3.99984
4.00092
3.99973
3.9998
4.00051
4.00059
4.00054
3.99972
3.99994
3.99873
3.99976
3.99979
3.99961
4.00099
3.9991
4.00197
3.99998
4.00142
3.99965
3.99994
4.0001
4.00087
3.99958
3.99999
4.00059
3.99999
4.0029
4.00186
4.00275
3.99879
4.00071
3.99755
4.00053
4.00146
4.00008
3.99986
4.00161
4.00081
4.00121
4.00004
3.99968
4.00083
3.99962
3.99863
4.00074
4.0012
4.00008
4.00147
4.00005
4.00054
4.00079
3.99937
4.00014
3.99989
3.99913
4.00055
3.9988
3.99959
4.0006
4.00192
3.99928
3.99963
4.00033
3.99861
3.99959
3.9996
3.99954
3.99958
3.99981
4.00038
4.00099
4.00094
4.00013
3.99957
4.00067
4.0014
3.99912
4.00056
3.99882
3.99962
4.00006
3.99894
4.00043
3.99919
4.00181
4.00119
3.99952
4.00018
4.00016
3.99917
3.99955
3.9997
3.99967
3.99964
3.99949
3.99866
4.00037
3.99979
3.99955
4.00054
3.9996
3.99975
3.99921
4.00031
4.00016
4.00045
3.99983
4.00104
4.00033
3.99965
3.99991
3.99994
4.00043
3.99859
4
4.00067
3.99959
4.00165
4.00033
4.00122
3.9987
3.99871
3.99896
4.00014
4.00047
4.00021
3.99878
3.99923
3.99999
4.00068
4.00087
3.99971
4.0001
3.99955
4.00026
3.99978
3.99931
4.00016
4.00055
3.99952
3.99943
4.00141
3.99959
3.99945
3.99991
3.99962
3.99996
4.00046
4.00126
4.001
3.99901
4.0002
4.00087
4.00166
4.00069
4.00048
3.99991
3.99804
3.99895
3.99972
4.0003
4.00083
3.99993
3.99892
4.00038
4.00035
4.00074
4.00052
