0.018413
0.0168358
0.0132978
0.0119783
0.0108857
0.0103417
0.00974152
0.00901945
0.0086911
0.00821108
0.00803909
0.00771823
0.00742974
0.00710932
0.00694052
0.00665127
0.00652644
0.0063704
0.00626617
0.00613149
0.00592678
0.00572387
0.00576163
0.00556655
0.00551648
0.00535051
0.00527658
0.0051745
0.00515711
0.00505596
0.00502103
0.00488751
0.00484686
0.00473624
0.00469077
0.00457577
0.00458456
0.00450461
0.00447161
0.00433846
0.00433336
0.00425207
0.00419629
0.00417466
0.0041479
0.00409459
0.00407013
0.00398342
0.00396391
0.00396833
0.00388521
0.0038764
0.00386234
0.00381444
0.00374117
0.00377505
0.00369518
0.00365616
0.00365429
0.00365218
0.00357777
0.00357634
0.00351881
0.0034854
0.00342669
0.00347404
0.00338922
0.00343033
0.0033883
0.00336115
0.00331685
0.00335007
0.00328806
0.00329231
0.00321407
0.00317658
0.00316747
0.00318142
0.00318578
0.00311578
0.00309049
0.00307722
0.00307226
0.00303811
0.0030411
0.00303158
0.00300759
0.0029927
0.00298545
0.00292731
0.00291406
0.00295962
0.00289757
0.00288792
0.00290516
0.00285862
0.00285054
0.00283144
0.00284056
0.00279037
0.00275222
0.00277649
0.00277883
0.00275523
0.00276778
0.00276927
0.00272278
0.00269605
0.00265022
0.0026532
0.00267661
0.00264658
0.00262491
0.00264758
0.00258264
0.00258614
0.00255795
0.00257547
0.00257819
0.00258877
0.00254957
0.00254395
0.00255753
0.0025348
0.00250567
0.0025021
0.0025056
0.00248991
0.00244859
0.00247066
0.0024711
0.00242188
0.00242394
0.00243306
0.00244084
0.00239501
0.0023646
0.00237359
0.00236828
0.00236578
0.00235885
0.00238537
0.00234375
0.00232498
0.00233016
0.002332
0.00231429
0.00229879
0.00228686
0.00227931
0.00228328
0.00226388
0.00226944
0.00228536
0.00227639
0.00224809
0.00223414
0.00223481
0.00225637
0.00224876
0.00220105
0.00219761
0.00219735
0.00223175
0.00219483
0.00219402
0.00216645
0.00219408
0.00217156
0.00216006
0.00216716
0.00216479
0.00215081
0.00214959
0.00216116
0.00212838
0.00213743
0.00210593
0.00208829
0.00212203
0.00208286
0.00209074
0.00206462
0.0020871
0.00203634
0.00207654
0.00204942
0.00206125
0.00206462
0.00203446
0.00205403
0.00201193
0.00203545
0.00205014
0.00199999
0.00202753
0.00200749
0.00199936
0.00198852
0.00195369
0.00199871
0.00197355
0.00197055
0.00197094
0.00194734
0.00197946
0.00195612
0.00197025
0.00194633
0.00194308
0.00196108
0.00191185
0.00190551
0.00193301
0.00193545
0.00190679
0.00189373
0.00190866
0.00191228
0.00188202
0.00187889
0.00186343
0.00189181
0.00189894
0.00187774
0.00183846
0.00188059
0.00184805
0.00185545
0.00186186
0.00187005
0.00183212
0.00183993
0.00185668
0.00185085
0.00183609
0.00184874
0.00183275
0.00183538
0.00184476
0.00178281
0.00182035
0.00181347
0.00180314
0.00179776
0.00178447
0.00180111
0.00178269
0.00179894
0.00177478
0.0017823
0.00177858
0.00178633
0.00176454
0.00178354
0.00174691
0.00174212
0.00175138
0.00176144
0.00174184
0.00174108
0.00174797
0.00172357
0.00175405
0.00173119
0.00173771
0.00169784
0.00169596
0.00171177
0.00170973
0.00168394
0.00172064
0.0017033
0.00168414
0.00169764
0.00169572
0.00170389
0.00168622
0.0016841
0.0017024
0.001691
0.00170044
0.0016633
0.00167634
0.00168816
0.00167088
0.00168962
0.00168179
0.00165871
0.00167653
0.00164206
0.00165922
0.00164765
0.00164911
0.00164112
0.00164595
0.00165067
0.0016364
0.00163114
0.00163376
0.0016178
0.00161806
0.00161554
0.00160032
0.00161564
0.00161169
0.0016056
0.00160485
0.00160894
0.00159114
0.00159881
0.00160046
0.0015678
0.00157513
0.00159403
0.00157823
0.00160709
0.0015808
0.00156971
0.00157209
0.0015923
0.00156848
0.00156992
0.001562
0.00156651
0.00156932
0.00156485
0.0015717
0.00155875
0.00155484
0.00154937
0.00155902
0.00154181
0.00154249
0.00152809
0.00153083
0.00154856
0.00155069
0.00154646
0.00151767
0.00153178
0.00153913
0.00151776
0.00151929
0.00150596
0.00152822
0.00149963
0.00149915
0.00151746
0.00149462
0.00151518
0.00151909
0.00147905
0.00149382
0.00150272
0.00149786
0.0014937
0.00149022
0.00147105
0.00150723
0.00147824
0.00149165
0.00147756
0.00150529
0.00146496
0.00147958
0.00146988
0.0014848
0.00148445
0.0014694
0.00146682
