4.40332
4.33113
4.24251
4.22196
4.17294
4.1684
4.15557
4.12746
4.11431
4.11374
4.12135
4.10029
4.08983
4.09276
4.07921
4.07736
4.07111
4.08966
4.06419
4.07192
4.06878
4.05513
4.05445
4.05025
4.04953
4.05059
4.04475
4.05355
4.05604
4.04815
4.04246
4.04275
4.04539
4.03587
4.03737
4.03899
4.04658
4.04225
4.03634
4.03356
4.0315
4.02904
4.03159
4.03352
4.03482
4.02338
4.01987
4.03086
4.02737
4.03107
4.03167
4.01823
4.03108
4.02885
4.02569
4.02816
4.02186
4.02694
4.02092
4.02796
4.01804
4.0271
4.02084
4.01678
4.01906
4.02051
4.02453
4.01718
4.01869
4.0166
4.01617
4.01942
4.02195
4.02519
4.01807
4.01281
4.0177
4.0197
4.01733
4.01907
4.01464
4.02022
4.01826
4.01664
4.01699
4.0131
4.01853
4.0232
4.01462
4.01162
4.01021
4.02001
4.0091
4.01322
4.01387
4.01585
4.01385
4.01596
4.01771
4.00838
4.01457
4.01481
4.01187
4.011
4.01845
4.01662
4.00956
4.0126
4.01776
4.00943
4.01113
4.01601
4.01124
4.0146
4.01425
4.0108
4.01341
4.01592
4.00553
4.01842
4.01501
4.01087
4.01269
4.01692
4.01433
4.00978
4.00906
4.01098
4.00879
4.01603
4.00815
4.00619
4.00989
4.01378
4.01115
4.00662
4.01173
4.00571
4.00797
4.00913
4.01333
4.01303
4.00942
4.00912
4.00825
4.01187
4.00766
4.01096
4.01233
4.01113
4.00645
4.00944
4.01032
4.00915
4.00995
4.01293
4.00908
4.01453
4.00799
4.00824
4.01021
4.00816
4.01108
4.0083
4.0119
4.00782
4.00723
4.00699
4.0082
4.01015
4.00813
4.0081
4.00865
4.00621
4.00627
4.00557
4.00962
4.00646
4.00807
4.00834
4.00787
4.00794
4.00729
4.01103
4.00317
4.00621
4.00682
4.00613
4.01024
4.00611
4.00709
4.00417
4.01144
4.00652
4.00821
4.00514
4.00822
4.00887
4.00666
4.01042
4.0048
4.01014
4.00756
4.01101
4.00756
4.00475
4.00635
4.00746
4.00358
4.0085
4.00731
4.00525
4.00346
4.0053
4.00975
4.00732
4.00632
4.00572
4.00717
4.00749
4.00774
4.00446
4.00541
4.00868
4.00769
4.00945
4.00642
4.0062
4.00678
4.00712
4.00762
4.00579
4.00408
4.00557
4.00824
4.00653
4.00467
4.005
4.00323
4.00614
4.00407
4.0058
4.00664
4.00562
4.00869
4.00192
4.00382
4.00475
4.00781
4.00336
4.00509
4.00555
4.0063
4.00516
4.00738
4.00617
4.00462
4.00527
4.01012
4.00521
4.00878
4.00391
4.00453
4.00631
4.00283
4.00631
4.00441
4.00195
4.00609
4.00592
4.0061
4.00429
4.00544
4.00757
4.0037
4.00435
4.00798
4.00602
4.00765
4.00414
4.00513
4.00641
4.00624
4.00283
4.00509
4.0061
4.00519
4.00321
4.00284
4.00594
4.0028
4.0045
4.00596
4.00671
4.00159
4.0034
4.00398
4.00478
4.00392
4.0065
4.00478
4.00345
4.00469
4.00513
4.00465
4.0071
4.0072
4.00581
4.00284
4.00501
4.00286
4.00429
4.00312
4.00276
4.00567
4.00542
4.0033
4.00529
4.00486
4.00506
4.00437
4.00629
4.00645
4.00463
4.00513
4.00583
4.0035
4.00245
4.00548
4.00431
4.00229
4.00148
4.00472
4.00429
4.0046
4.00589
4.00198
4.00198
4.0054
4.0025
4.00418
4.00354
4.00453
4.00508
4.00468
4.00504
4.00441
4.00744
4.00301
4.00366
4.00234
4.00388
4.00215
4.00426
4.00528
4.00282
4.00434
4.00491
4.00403
4.0046
4.00555
4.00488
4.00434
4.00401
4.00487
4.00352
4.00319
4.00416
4.00229
4.00199
4.00322
