8.29204
8.19582
8.19153
8.14898
8.15717
8.12569
8.10443
8.08523
8.07522
8.07035
8.0856
8.07497
8.05687
8.06315
8.03468
8.05148
8.04278
8.04283
8.04551
8.03703
8.04443
8.0627
8.04767
8.04273
8.04636
8.01749
8.04211
8.04543
8.02665
8.04341
8.04124
8.0325
8.01639
8.01883
8.03573
8.02888
8.02956
8.0262
8.02314
8.02441
8.02236
8.01697
8.02662
8.02184
8.02346
8.01545
8.02318
8.02261
8.01224
8.01353
8.01257
8.01015
8.03112
8.01032
8.02174
8.02253
8.01137
8.0183
8.02495
8.01077
8.01657
8.01181
8.01274
8.0155
8.00251
8.01445
8.01508
8.01165
8.00729
8.01274
8.0095
8.0153
8.01301
8.01526
8.01142
8.01305
8.01081
8.00864
8.01479
8.01472
8.01468
8.0139
8.01659
8.00538
8.01585
8.01471
8.00594
8.00584
8.00648
8.0114
8.00716
8.00905
7.99796
8.01667
8.01453
8.01207
8.01153
8.01606
8.00591
8.00576
8.00996
8.00533
8.00716
8.01249
8.00558
8.01314
8.01394
8.00666
8.01728
8.00272
8.00015
8.00839
8.00989
8.01303
8.00007
8.00448
8.00961
8.01069
8.00336
8.00827
8.00847
8.00974
8.01526
8.00593
8.0048
8.00313
8.00294
8.00857
8.01357
8.00719
8.00466
8.00884
8.01235
8.01295
8.01
8.00377
8.00285
8.00345
8.01466
8.00913
8.0159
8.00837
8.00705
8.00755
8.00633
8.01883
8.00735
8.00632
8.00778
8.00443
8.00835
8.00378
8.00962
8.00861
8.00782
8.00485
8.00462
8.00583
8.0066
8.00674
8.00264
8.00727
8.00874
8.00976
8.00747
8.00389
8.00335
8.00323
8.0098
8.00159
8.00711
8.0055
8.00453
8.00443
8.00361
8.00655
8.00447
8.00625
8.00898
8.00604
8.00334
8.00809
8.0024
8.00841
8.00695
8.00454
8.00584
8.00701
8.00698
8.00888
8.00599
7.99994
8.00532
8.01211
8.00624
8.00312
8.00726
8.00164
8.00371
8.00553
8.00411
8.00392
8.00589
8.00198
8.00285
8.00497
7.99788
8.00195
8.00718
8.00175
7.99853
8.00299
8.00793
7.99897
8.00669
8.00755
8.00247
8.00673
8.00658
8.00303
8.00354
8.00928
8.00317
8.0054
8.00289
7.99947
8.00524
8.01033
8.00738
8.00576
8.00344
8.00857
8.003
8.00425
8.00064
8.00424
7.99865
8.00637
8.00195
8.00574
8.00008
8.00415
8.0072
8.00169
8.00627
8.00175
8.00893
8.0025
8.00233
8.00297
8.00064
8.01038
8.00449
8.00184
8.00372
8.00391
8.00557
8.00094
8.00387
8.00347
8.0027
8.00273
8.00506
8.0045
8.00244
8.00112
8.00095
8.00256
8.00603
8.00089
8.00459
8.00499
8.00418
8.00353
8.00422
8.00444
8.00766
8.00285
8.00082
7.99913
8.00488
8.00131
8.00652
8.00752
8.00404
8.00353
8.00188
8.00446
8.00338
8.00454
8.00221
8.00339
8.00509
8.00453
8.00238
7.99775
8.00683
8.0004
8.0042
8.00094
8.0028
8.00258
8
8.0037
8.00253
8.00815
8.00228
8.00051
8.00191
8.00004
8.0055
8.00269
8.00079
7.99595
8.00278
8.00759
8.00351
8.00066
8.00559
8.00336
8.00645
8.00222
8.0028
8.00182
8.00294
8.00228
7.99937
8.00363
8.00248
8.00183
8.00317
8.00038
8.00146
8.00045
8.00615
8.00749
8.00279
8.0031
8.00484
8.00421
8.00148
8.00432
8.00399
7.99715
8.00305
8.00563
8.00151
8.00513
8.00469
8.00086
8.00447
8.00318
8.00059
8.00312
8.00146
8.00235
7.99844
8.00437
8.0001
8.00255
8.00446
8.00502
8.00395
8.00442
8.00263
8.00118
8.00089
8.00607
8.00324
8.00251
8.0064
