0.00701399
0.00632313
0.00574685
0.00537377
0.00494774
0.00461444
0.0044264
0.00424263
0.00404685
0.00391433
0.00373905
0.00364537
0.00355984
0.00341437
0.00330667
0.0032394
0.00318199
0.00310381
0.00299466
0.00295949
0.00289962
0.00285057
0.00275247
0.00271919
0.00267896
0.00262801
0.00259694
0.00254387
0.00253467
0.00247621
0.00240037
0.00238065
0.00236296
0.00234195
0.00229353
0.00226731
0.00224812
0.00220792
0.00219312
0.00214411
0.00212836
0.00208583
0.00211223
0.00208584
0.00203476
0.00199714
0.00200789
0.00197393
0.00198916
0.00195366
0.0019241
0.0019295
0.00186248
0.0018582
0.00185116
0.00182599
0.00181611
0.00180167
0.00177133
0.00175845
0.00175995
0.00176515
0.00173092
0.00172401
0.00169413
0.00170641
0.00168529
0.00168809
0.00166751
0.00164626
0.00167951
0.00162035
0.0016231
0.00161849
0.0016043
0.00158756
0.00157487
0.00156286
0.00154066
0.00154225
0.00154483
0.00152761
0.00151748
0.00154279
0.00152001
0.00151153
0.00149252
0.00146296
0.00147479
0.00147344
0.00145703
0.00145209
0.00144111
0.00143796
0.00142407
0.00142717
0.00141839
0.00140105
0.00139916
0.00140485
0.00138479
0.00138456
0.00138646
0.00136939
0.00135954
0.00135797
0.00135073
0.00134363
0.00132647
0.00133418
0.00133591
0.00131483
0.00130161
0.00130916
0.00129545
0.00129973
0.00129334
0.00127814
0.00128485
0.00127057
0.00127317
0.00127708
0.00125162
0.00125915
0.00124963
0.00123531
0.00123265
0.00123045
0.00125325
0.00123551
0.00122368
0.00123301
0.00121202
0.00122359
0.00120804
0.00120469
0.00120475
0.00119382
0.00118584
0.00118838
0.00117738
0.00117561
0.00117245
0.00115422
0.00117104
0.00116536
0.00114963
0.00115949
0.00116073
0.00112953
0.00114442
0.00112361
0.00112684
0.00113378
0.00113142
0.00111808
0.00111813
0.00111922
0.00110404
0.00110677
0.00110751
0.00109512
0.00108245
0.0010855
0.00108978
0.00108475
0.00108409
0.00106148
0.00107282
0.0010825
0.00107255
0.00107384
0.00105718
0.00105688
0.00106654
0.00104438
0.00105189
0.0010598
0.00105414
0.00102787
0.00104921
0.00104231
0.00104258
0.0010293
0.00103451
0.00103747
0.00102423
0.00102062
0.0010179
0.00102821
0.0010185
0.00102333
0.00101373
0.00101499
0.000995047
0.00100582
0.00099729
0.00100341
0.000972875
0.00098641
0.00098436
0.00097817
0.000987557
0.000979194
0.000981532
0.000978906
0.000972884
0.000986391
0.000970697
0.000960512
0.000966169
0.000966178
0.000955641
0.000970321
0.000947891
0.000966429
0.000954062
0.000957484
0.000952923
0.00094313
0.000949993
0.000939635
0.000948203
0.000939935
0.000924546
0.000947393
0.000924352
0.000932582
0.00093185
0.00093095
0.000914985
0.00092043
0.000920405
0.000920169
0.000919907
0.000916399
0.000915371
0.000908707
0.000922134
0.000911227
0.000913678
0.000898562
0.000893756
0.000894244
0.000901251
0.000896628
0.000899978
0.00088784
0.000891851
0.00089879
0.000885802
0.000878031
0.000890833
0.000885255
0.000884334
0.00087836
0.000870781
0.000878952
0.000865141
0.000865581
0.0008727
0.000868217
0.000858253
0.000856627
0.000857398
0.000859849
0.000852246
0.00085902
0.000853432
0.000850969
0.000858246
0.000858983
0.000856437
0.00084586
0.000852182
0.000851112
0.000837201
0.000845285
0.000845819
0.000833437
0.000841593
0.000835888
0.00084426
0.000828353
0.000825561
0.000826813
0.000835906
0.000836043
0.000828951
0.000834358
0.00081887
0.000827743
0.000818579
0.000830307
0.000815017
0.000825463
0.000810731
0.000806374
0.000817102
0.000813596
0.000805837
0.000814576
0.000813066
0.000804474
0.000803714
0.000816448
0.00079992
0.00080768
0.000800803
0.000800292
0.000804077
0.000793277
0.000793967
0.00079651
0.000796442
0.000785388
0.000787322
0.000788705
0.000793049
0.000789114
0.000787725
0.000785231
0.000779637
0.00079275
0.000783621
0.000775712
0.000777166
0.000771468
0.0007807
0.000776478
0.000762518
0.000771998
0.00076577
0.000772733
0.000767526
0.000768716
0.000769974
0.0007643
0.000755793
0.000768276
0.000766533
0.000766143
0.000764756
0.000757927
0.000752676
0.000759249
0.000763931
0.000758033
0.00075643
0.000762352
0.000747862
0.000743879
0.000749576
0.000746871
0.000750367
0.000747532
0.000741541
0.000741947
0.000748663
0.000743886
0.000743888
0.0007391
0.000734562
0.000743012
0.000734969
0.000740213
0.000739818
0.000741431
0.00072477
0.00074456
0.000733375
