0.0232062
0.0199403
0.0185387
0.0166579
0.0156784
0.014488
0.013749
0.012727
0.0121062
0.0117161
0.0112985
0.0110062
0.0103619
0.0101024
0.00968813
0.00958659
0.00917259
0.0089068
0.00872249
0.00857463
0.00839587
0.008267
0.00807518
0.00779099
0.00770424
0.00751019
0.00746942
0.00744089
0.00719547
0.00718266
0.00707848
0.00684021
0.00680975
0.00656779
0.0066415
0.00651765
0.00645905
0.00627039
0.00621996
0.00620824
0.00617985
0.00609218
0.00598541
0.00599159
0.00589668
0.00571843
0.00575276
0.00574989
0.00553941
0.00551012
0.00553666
0.00541039
0.00540997
0.00533558
0.00529985
0.00524614
0.00520475
0.00514558
0.00516042
0.00504578
0.00503026
0.00499507
0.00492719
0.00495729
0.00485141
0.00488012
0.00481959
0.0047703
0.00477238
0.00475543
0.00467337
0.00466388
0.00460652
0.004607
0.00460265
0.004576
0.00450651
0.00450775
0.00449847
0.00448369
0.00441979
0.00436308
0.0043342
0.00431062
0.00426709
0.00427314
0.00420377
0.00420878
0.00420879
0.0041405
0.00415206
0.00414504
0.00409464
0.00408503
0.00407082
0.00407897
0.00406109
0.00405692
0.00400292
0.00397392
0.00390375
0.00388903
0.00388711
0.00391928
0.00388344
0.0039164
0.00384541
0.003749
0.00383586
0.00379537
0.00370483
0.0037518
0.00373861
0.00373544
0.00364365
0.00365316
0.00372319
0.00367507
0.00360946
0.00361019
0.00358498
0.00358177
0.00362568
0.00359038
0.0035195
0.003538
0.00350206
0.00351779
0.00350251
0.00346483
0.0034708
0.00346961
0.00343435
0.00345639
0.00345949
0.00338187
0.00340928
0.00336622
0.00339286
0.00337731
0.00339
0.00336656
0.00336035
0.00331571
0.00333786
0.00331433
0.00328952
0.00323479
0.0032779
0.00325478
0.0032247
0.00322343
0.00320957
0.00322152
0.00320118
0.00317184
0.00316067
0.00316757
0.00316438
0.00313588
0.0031064
0.00312109
0.00308705
0.00315162
0.00310667
0.0030522
0.00306129
0.00306726
0.00305918
0.00305366
0.00303977
0.00303123
0.00297343
0.00298657
0.00296657
0.00301192
0.00296889
0.00302626
0.00297773
0.00297194
0.00292331
0.0029596
0.00289467
0.0029266
0.00293413
0.00293542
0.00287714
0.00289324
0.00288822
0.0029035
0.00290711
0.00286733
0.00285378
0.00290654
0.00287017
0.00284921
0.00283977
0.00283436
0.00280367
0.00283617
0.00281467
0.00279856
0.00281891
0.00277564
0.0028228
0.00276602
0.00277208
0.0027418
0.00273933
0.00273994
0.00274535
0.00273606
0.00274107
0.00270176
0.00268791
0.00274585
0.00271427
0.00270232
0.00272613
0.00271177
0.00268033
0.00268986
0.00266907
0.00266831
0.00264554
0.00263852
0.00264441
0.00262382
0.00262221
0.0026109
0.00259692
0.00260118
0.00261844
0.002657
0.00260349
0.00255842
0.00259932
0.00261349
0.00257635
0.00254812
0.00254968
0.00252162
0.00255244
0.002566
0.00254073
0.0025572
0.00253177
0.00251418
0.00253634
0.00251228
0.00252425
0.00252655
0.0025077
0.0025284
0.00249295
0.00247879
0.00250554
0.00247331
0.00250216
0.00245677
0.00248551
0.00242202
0.00242782
0.00244854
0.00245502
0.00244894
0.00244503
0.00244032
0.00243449
0.0024284
0.00241437
0.00240487
0.00241442
0.00238688
0.00241062
0.00240065
0.00242302
0.00240315
0.00240666
0.00234902
0.00237336
0.00238579
0.00237325
0.00236707
0.00236017
0.00235769
0.00234441
0.00234482
0.00233398
0.00235076
0.00232046
0.00232119
0.00232308
0.00230956
0.0023172
0.00230065
0.002333
0.00229398
0.00229865
0.00232571
0.00230853
0.00228959
0.00232724
0.00231765
0.00228554
0.00226873
0.00227134
0.00226691
0.00225553
0.00229649
0.00227565
0.00226718
0.00225345
0.00223694
0.00224882
0.00224239
0.00224149
0.00224588
0.00225188
0.00221974
0.002242
0.00221911
0.00222295
0.00223025
0.00221982
0.00219999
0.00222954
0.00221338
0.00221908
0.00218948
0.00220632
0.00216047
0.00217756
0.00220853
0.00217792
0.00219717
0.00216532
0.00217548
0.00218118
0.00212196
0.00215676
0.00216785
0.00217148
0.00213146
0.00217407
0.00216833
0.00214228
0.00214446
0.00215762
0.00212842
0.00213093
0.00210732
0.00211378
0.00212248
0.00215285
0.00208773
0.00208732
0.00207979
0.00212255
0.00209603
0.00208852
0.00207665
0.00209205
0.00208063
0.00210203
0.00209726
0.00207528
0.00210034
0.00209246
0.00207909
0.00207074
