10.119
9.73231
9.45166
9.24979
9.07465
8.84921
8.80217
8.7488
8.70412
8.54846
8.54073
8.492
8.43165
8.39273
8.44472
8.40553
8.35632
8.35281
8.34714
8.32799
8.28448
8.30097
8.28373
8.27216
8.24534
8.24065
8.22824
8.22729
8.23263
8.19081
8.20292
8.19324
8.19162
8.19815
8.18549
8.21023
8.1943
8.17835
8.18143
8.15481
8.16018
8.18879
8.16842
8.14987
8.13216
8.14272
8.13024
8.1237
8.15752
8.13045
8.13293
8.10989
8.13624
8.14402
8.14096
8.11219
8.112
8.10345
8.11277
8.10588
8.10804
8.1197
8.08521
8.11675
8.10868
8.09655
8.11465
8.1005
8.08374
8.09102
8.09695
8.0926
8.11682
8.09493
8.08675
8.09126
8.06619
8.09839
8.09009
8.08347
8.08919
8.09264
8.0831
8.09342
8.0744
8.06283
8.0688
8.09477
8.08678
8.08724
8.08125
8.08285
8.06536
8.05713
8.0838
8.06731
8.07654
8.07871
8.07258
8.08633
8.07007
8.07837
8.06323
8.05859
8.06965
8.06052
8.05657
8.06657
8.05305
8.06875
8.05229
8.05743
8.07663
8.06261
8.05298
8.05361
8.06382
8.04445
8.0329
8.06131
8.06374
8.06251
8.06155
8.05736
8.05098
8.05018
8.04505
8.05701
8.05217
8.04113
8.0524
8.04346
8.04817
8.04339
8.0475
8.05532
8.05429
8.05208
8.06133
8.04008
8.05035
8.05137
8.04946
8.04354
8.05181
8.02912
8.05221
8.04919
8.04165
8.04273
8.0555
8.04418
8.04473
8.05952
8.04328
8.04434
8.02909
8.04565
8.04504
8.04965
8.0384
8.03207
8.04597
8.0485
8.04336
8.05319
8.04127
8.04129
8.04179
8.05466
8.04274
8.04123
8.03367
8.04068
8.04025
8.04362
8.04291
8.03017
8.03873
8.04253
8.04049
8.03352
8.05112
8.03786
8.03165
8.03607
8.03415
8.02824
8.03778
8.03859
8.03719
8.03717
8.0347
8.03444
8.04013
8.03133
8.0351
8.02439
8.0337
8.03351
8.03133
8.02668
8.03118
8.03105
8.04324
8.03105
8.02292
8.03492
8.03373
8.02927
8.03385
8.03709
8.03159
8.03125
8.03019
8.04376
8.03009
8.02298
8.02758
8.02579
8.02884
8.02607
8.03203
8.03016
8.03492
8.02634
8.02688
8.02652
8.03298
8.02207
8.03556
8.03535
8.02183
8.02804
8.03726
8.02113
8.03092
8.03104
8.02359
8.03791
8.02067
8.03098
8.03128
8.0294
8.02838
8.03644
8.02915
8.02533
8.03449
8.03635
8.02891
8.0273
8.02459
8.02457
8.02356
8.02698
8.02645
8.01383
8.02917
8.03224
8.02566
8.01904
8.02927
8.01944
8.01944
8.02008
8.03266
8.0308
8.02326
8.03033
8.02207
8.02061
8.02655
8.02164
8.02763
8.03222
8.02602
8.01725
8.02715
8.02492
8.0192
8.02902
8.03165
8.02409
8.0278
8.03611
8.01944
8.02203
8.02359
8.02964
8.02047
8.02683
8.02292
8.03175
8.0185
8.02153
8.01734
8.02657
8.02194
8.02603
8.02053
8.02279
8.02121
8.01565
8.02268
8.01533
8.01891
8.03184
8.0138
8.02158
8.02314
8.02096
8.02234
8.02124
8.02581
8.02288
8.01272
8.02115
8.01446
8.01999
8.02126
8.02543
8.0172
8.01923
8.01659
8.02429
8.02245
8.01676
8.02393
8.01871
8.02428
8.01604
8.0243
8.02025
8.02834
8.01704
8.03053
8.01756
8.02286
8.03006
8.01922
8.01669
8.01579
8.02532
8.0187
8.00979
8.0226
8.01924
8.01831
8.01396
8.01359
8.01888
8.02445
8.01999
8.01819
8.01591
8.02069
8.02127
8.01858
8.02438
8.01394
8.02171
8.01451
8.02224
8.02386
8.02194
8.02591
8.01809
8.01798
8.02385
8.01344
