0.0680862
0.0597113
0.0538632
0.0468519
0.0416498
0.0364144
0.033663
0.0318039
0.0294262
0.0262583
0.0258796
0.0246175
0.0231368
0.0218794
0.0219531
0.0205891
0.0197556
0.0197265
0.0190749
0.0185617
0.0177489
0.017702
0.0171297
0.0166688
0.0161086
0.016028
0.0156442
0.0153164
0.0151028
0.0145589
0.0146909
0.0143192
0.0140043
0.0141334
0.0136722
0.0137724
0.0135419
0.0131525
0.0131144
0.0129545
0.0126818
0.0125556
0.0124753
0.0121824
0.0121387
0.0118223
0.0119767
0.0115926
0.0115645
0.0113373
0.0112979
0.0111577
0.011092
0.011094
0.0109199
0.0107166
0.0107543
0.0106135
0.010447
0.0102743
0.0103149
0.0101814
0.0102048
0.0101092
0.00999854
0.00997168
0.00987038
0.009782
0.00957538
0.00961089
0.00969683
0.00943655
0.00955174
0.00926809
0.0093073
0.00925184
0.00914659
0.0090523
0.00897935
0.00907119
0.00878086
0.00882835
0.00883041
0.00884456
0.00875347
0.00864709
0.00871764
0.00875573
0.00854066
0.0086023
0.00844882
0.00833612
0.00815406
0.00828173
0.00820534
0.00825154
0.00823454
0.00811164
0.00810962
0.00821218
0.00799518
0.00792884
0.00799032
0.007827
0.00785659
0.00782007
0.00774401
0.00774559
0.00760462
0.00770495
0.00758322
0.00759848
0.0076747
0.00748852
0.00747818
0.00741738
0.0074374
0.00733661
0.00731153
0.00728607
0.00741368
0.00732907
0.0073417
0.00720923
0.00716368
0.00716351
0.0070924
0.00704208
0.00703977
0.00704256
0.00704983
0.00695985
0.00694682
0.00684094
0.00691683
0.00693219
0.00684451
0.00685602
0.00682567
0.00685232
0.00672476
0.00667397
0.00663576
0.00670383
0.00662537
0.00665002
0.0065333
0.00664337
0.00661282
0.00650022
0.00666723
0.00652648
0.00639806
0.00652945
0.00643284
0.00646012
0.0063465
0.00633751
0.00640798
0.0063037
0.00637072
0.00627461
0.00635608
0.0063466
0.00625953
0.00620324
0.00621669
0.00617378
0.00610149
0.00616412
0.00612173
0.00617253
0.00616194
0.00616018
0.00607065
0.00602905
0.00601179
0.00601446
0.00594217
0.00594622
0.00594454
0.00595013
0.00597589
0.00586076
0.00592656
0.00583827
0.00592207
0.00584705
0.00585133
0.00583927
0.00582772
0.00580185
0.00582582
0.00573832
0.00578383
0.00579423
0.00575835
0.00569361
0.00569145
0.0056701
0.00575365
0.00566819
0.00571374
0.00569733
0.00563392
0.00554387
0.00550689
0.00556224
0.00562414
0.00547292
0.00548989
0.00547717
0.0055142
0.00548644
0.00549398
0.00546483
0.00547417
0.00541234
0.00544297
0.0054347
0.00536499
0.00540359
0.00533785
0.00539556
0.00533559
0.00532916
0.00525956
0.00531649
0.00529593
0.00520855
0.00530455
0.00529157
0.00526777
0.00522919
0.00520608
0.00517873
0.00524365
0.00518193
0.00519262
0.00515509
0.00512304
0.00507327
0.00505569
0.00516302
0.00513165
0.00511524
0.00508053
0.0050911
0.0050586
0.00510281
0.00501955
0.0050858
0.0050162
0.00502148
0.00496161
0.0049822
0.00504333
0.00493593
0.00503448
0.00498446
0.00498264
0.00494618
0.00485325
0.00490169
0.00486817
0.00489448
0.00491521
0.0048929
0.00487352
0.00482036
0.00485688
0.00486026
0.00483784
0.00480281
0.00484402
0.00477885
0.00480035
0.00473533
0.00478926
0.00477848
0.00478749
0.00482435
0.00476859
0.00473986
0.00478595
0.00467224
0.00477276
0.00480692
0.0046891
0.00473042
0.00470238
0.00466004
0.0047023
0.00469069
0.00464617
0.00467587
0.00464907
0.00464427
0.00467045
0.0046415
0.00457459
0.0046445
0.00461372
0.00463447
0.00464042
0.00459199
0.00468762
0.00460431
0.00454402
0.0045291
0.00453641
0.00452991
0.00447876
0.00451282
0.00452401
0.00446846
0.00444837
0.0045029
0.00446419
0.00446896
0.0045011
0.00445766
0.00440868
0.00444826
0.00440789
0.00446437
0.0044747
0.00444869
0.00435586
0.00446338
0.00438518
0.00440076
0.00439622
0.00436399
0.0043666
0.0044221
0.00434381
0.00432833
0.0043522
0.00433632
0.00429047
0.00436496
0.00430406
0.00432323
0.00435244
0.00427772
0.00433529
0.00432149
0.00423126
0.00423986
0.00418738
0.00425222
0.00429194
0.00424381
0.00424021
0.00421058
0.00423759
0.0042232
0.00421386
0.00421982
0.00418576
0.00419802
0.0042122
0.00423137
0.00419713
0.00419724
0.00415754
0.00425647
0.00419188
0.00412329
0.00413962
